1156
64780
73461
337079
455522
567047
583908
621215
627159
701950
815382
836410
1088548
1091697
1297237
1334660
1436961
1452031
1456286
1587298
1636640
1680461
1701171
1812318
1838506
1875688
1882688
1905164
1981448
1987361
2002373
2024076
2099852
2217578
2274018
2287641
2334625
2347292
2350860
2378350
2382227
2412607
2460599
2521622
2549669
2555663
2560735
2624141
2636317
2673036
2734191
2774517
2843922
2877759
2925736
3010854
3051682
3069482
3105917
3168585
3225380
3226019
3237224
3242470
3354718
3388397
3425510
3433010
3444084
3642463
3644319
3670654
3803848
3854026
3882604
3913207
4000834
4022789
4073283
4107216
4151254
4187716
4202618
4240855
4261854
4281560
4367527
4536661
4830189
4883307
4965351
5050729
5083105
5085065
5112893
5160576
5400046
5414689
5572151
5707654
5805944
5940707
6145581
6150251
6211508
6255799
6257986
6291508
6420550
6507950
6535745
6732958
6993087
7023933
7029770
7039100
7050674
7119615
7139895
7196665
7362062
7375944
7406353
7443032
7518816
7544496
7573648
7625737
7636073
7774191
7878827
8025898
8100919
8174069
8207994
8422116
8469066
8504094
8527971
8555297
8611975
8719757
8775092
8817340
8831117
8846403
8955317
8968199
8969848
9039995
9113137
9180046
9205195
9298416
9494135
9555546
9583193
9607005
9639813
9678717
9679976
9873871
9953442
10091477
10114523
10173509
10173592
10174418
10177418
10187651
10388940
10519473
10567899
10603302
10652622
10672597
10688319
10771303
10898015
10898508
10964112
11093321
11142530
11174241
11231189
11354811
11447048
11524460
11594274
11607803
11631249
11643997
11666515
11706197
11709781
11753002
11753020
11787365
11847333
11860161
11888027
11970525
11976338
12016354
12080559
12126402
12223982
12262197
12287078
12290990
12313516
12417705
12427185
12565187
12578855
12601236
12744097
12826844
12893083
12984648
13107016
13198836
13352964
13372176
13455587
13521458
13553978
13557267
13664124
13690861
13706813
13749804
13751209
13760336
13841553
13852270
13875702
13919952
13926563
14082408
14159834
14185844
14187577
14218744
14255797
14278390
14317862
14336677
14352777
14378441
14507488
14511963
14568419
14571500
14675946
14687576
14745094
14838334
14931757
15157400
15222411
15243002
15330800
15344156
15383488
15588667
15596263
15865739
16098235
16183979
16185801
16187562
16189746
16202387
16216072
16231495
16515481
16536687
16641122
16709506
16773542
16870937
16888497
16914329
16936771
16973173
17156514
17157586
17168163
17219187
17365714
17414879
17422083
17425104
17484318
17647847
17677415
17680358
17698913
17705141
17705874
17730511
17731690
17755764
17906603
17922870
17943557
17948932
17964124
17997106
18114321
18189414
18190005
18293181
18343001
18573232
18585404
18619878
18645716
18660174
18720844
18778917
18786252
18916715
18949929
18989765
19000266
19011418
19130375
19205390
19216664
19218791
19295279
19312663
19313327
19345189
19356913
19372216
19383793
19394605
19456327
19463643
19537132
19569120
19584965
19754587
19934978
19964986
20005279
20028152
20380091
20390803
20467074
20718767
20790704
20833289
20949713
21021324
21059888
21118794
21155670
21185275
21185512
21254770
21273922
21314196
21406760
21409994
21416370
21522540
21599179
21733047
21766064
21844187
21872819
21874098
21890863
21909494
22045960
22058658
22097743
22125822
22156762
22169419
22176491
22252773
22297717
22425871
22565023
22583073
22617505
22626834
22649080
22708038
22770220
22904253
22986798
23104504
23132981
23161728
23259619
23394340
23526884
23651411
23733085
23798573
23998645
24020059
24046037
24053272
24119589
24149465
24206651
24208348
24217687
24341577
24388519
24810121
24844300
25026939
25041910
25137262
25138734
25203254
25275741
25276128
25291838
25323925
25380498
25389291
25443257
25498166
25547763
25554075
25687739
25688083
25689059
25703059
25851016
25862777
25893284
25893627
25984073
26018138
26033585
26092421
26156505
26162691
26182341
26268762
26317475
26336156
26425139
26485663
26530230
26534931
26632132
26639687
26694872
26698613
26758006
26907910
26967825
27026332
27099175
27116123
27197363
27199810
27219664
27361329
27456975
27458205
27511884
27545005
27760660
27821297
27861644
28144009
28185241
28189367
28216860
28313200
28363797
28394861
28412230
28419667
28545544
28659002
28741331
28762994
28779127
28786396
28855510
28960809
29181388
29190674
29305454
29308038
29328794
29338476
29354262
29362931
29382493
29403378
29464162
29516547
29628426
29637745
29641670
29684055
29688714
29691662
29773247
29798675
29823010
29872239
29884934
29885987
30002329
30067832
30078888
30164732
30181464
30273129
30285393
30321286
30327001
30358350
30505422
30528722
30559082
30749776
30779065
30897387
30994686
31018012
31108824
31230227
31242729
31350069
31352636
31386561
31425819
31478299
31575959
31592814
31691735
31726426
31819932
31841447
31855214
31944520
31950467
31956709
32007938
32015246
32061087
32113047
32154550
32156871
32229994
32257732
32299229
32321851
32579679
32601528
32689698
32781272
32792828
32846223
32877741
32902288
32940568
33040200
33063815
33160730
33175165
33289807
33309731
33360040
33488980
33568983
33578833
33593175
33628265
33685800
33697452
33736149
33803053
33807681
33887374
33945725
33983993
34067010
34107146
34119458
34246291
34255574
34260504
34272767
34299846
34305535
34467007
34473329
34474354
34503408
34509373
34668835
34736676
34741859
34748404
34866461
34880433
34958569
35027694
35048760
35051284
35054604
35085451
35096393
35142634
35164986
35168261
35178243
35286289
35293705
35312352
35323675
35370211
35474107
35497935
35513738
35613372
35627833
35638127
35653553
35692658
35866491
35967727
35975851
36110156
36168456
36215657
36246236
36291347
36459318
36617224
36637465
36706781
36714274
36809149
36901188
37079335
37105987
37119700
37186915
37213685
37223710
37442363
37473735
37562490
37728650
37728708
37790794
37907462
37932158
38050100
38099282
38124629
38175293
38181982
38201590
38392878
38570446
38661124
38672534
38808353
38855465
38891788
39133190
39194016
39234388
39255056
39326706
39409173
39431610
39447080
39458827
39525559
39537384
39629845
39649225
39732731
39786481
39919938
40295070
40313604
40363878
40461944
40681141
40694805
40705343
40748849
40869394
41043899
41053013
41170341
41192864
41230394
41351270
41436002
41530263
41633167
41641595
41706212
41718429
41722677
41728546
41755819
41791270
41837150
41851603
41858488
41940581
41972485
42069869
42123606
42172456
42192855
42259160
42353268
42390407
42402545
42554084
42693636
42699750
42782037
42922421
42941228
42952658
42976721
43045760
43070889
43169051
43193163
43214675
43261414
43313904
43359820
43361592
43381390
43536423
43539398
43819843
43874865
43894854
43908835
43924004
43965736
43984202
44036520
44178035
44270821
44448207
44451720
44456764
44508591
44510376
44548185
44688734
44721209
44831396
44891284
44953940
45029546
45099623
45235347
45260734
45392946
45480481
45542523
45653160
45769337
45812529
45998585
46011257
46063064
46151856
46209848
46239431
46325575
46358733
46371479
46396590
46431660
46454143
46496665
46530108
46567774
46622192
46678415
46706984
46788874
46830177
46893262
47027101
47202367
47220019
47423936
47481137
47527564
47584668
47701073
47797931
47804948
47881160
47902191
47938943
48000188
48023152
48084762
48102936
48286045
48316597
48339712
48429406
48601882
48620655
48666994
48668529
48686629
48761413
48788786
48830323
48889953
49061291
49066559
49128807
49140792
49193943
49217400
49442212
49485111
49538699
49546630
49587595
49597117
49624038
49657330
49663394
49723664
49779512
49896324
49962958
49967643
50004874
50008522
50177928
50215028
50272328
50552486
50573728
50623927
50697724
50727052
50760444
51268576
51338006
51338079
51364075
51412745
51429027
51488148
51620091
51640004
51779419
51784733
51810776
51812647
51860773
52092720
52128576
52183636
52256361
52281174
52411694
52457451
52488289
52510666
52587359
52599282
52614387
52636276
52679829
52743120
52774394
52833500
52875824
52908168
52949679
53050950
53094899
53104112
53110534
53135694
53167375
53207304
53243023
53248642
53286428
53351699
53359357
53428145
53525925
53536666
53564166
53569884
53605637
53612307
53689739
53796263
53949562
54130244
54163273
54166392
54237988
54314992
54359327
54384242
54428556
54437523
54471767
54503799
54540186
54556687
54663836
54867488
54869291
54951960
55015394
55184292
55257513
55324208
55403882
55414170
55448707
55486568
55516155
55551931
55691395
55701380
56020705
56114278
56240458
56262767
56333804
56505702
56605938
56612433
56654296
56712383
56725169
56726378
56736440
56747527
56782041
56863626
56893434
56911894
56944423
56948235
56948535
57102497
57132688
57182921
57205497
57413329
57457453
57481820
57482882
57511085
57584127
57749235
57787062
57830437
57886666
57918935
57972349
58107667
58134964
58188449
58287768
58336634
58349234
58503246
58530879
58593298
58656547
58836744
58976525
58986593
59018781
59201772
59237321
59374896
59419279
59439535
59506422
59703789
59751886
59768396
59804285
59822519
59956475
60010796
60042081
60044770
60246595
60323514
60348000
60388231
60479403
60568084
60585897
60664370
60759922
60850548
61028104
61201897
61205891
61225222
61280675
61315971
61382286
61417498
61438358
61473424
61658519
61688274
61769080
61789109
61810076
61829675
61887771
61990763
62002766
62128479
62229679
62269510
62296752
62328734
62355104
62391470
62407276
62408810
62433935
62466214
62555779
62637178
62679329
62759769
62776897
62839593
62936548
63031213
63224014
63283641
63297235
63332444
63379207
63545023
63597652
63606144
63618283
63741505
63797612
63813136
63880033
63881941
64003037
64252467
64334388
64365892
64380177
64401359
64403698
64425211
64625663
64631449
64734430
64739131
64858798
64860372
64926768
64939476
65041883
65189928
65251460
65312108
65382874
65393289
65560503
65565788
65589834
65590648
65630683
65642236
65726025
65755440
65822128
65918225
65931767
65945462
65952956
65984903
65992690
66016635
66032938
66046938
66111677
66114812
66249016
66312915
66442480
66536338
66641855
66772738
66786498
66791869
66844808
66915650
66939797
67033657
67127438
67174849
67260752
67282889
67338427
67412746
67431024
67477091
67518322
67633568
67763801
67765629
67889643
67923981
67933043
67954953
67968018
68051450
68062185
68088406
68140397
68189747
68205151
68212077
682201
